1000
4568
7337
3547
7046
1515
156
6425
3910
6100
4140
5478
9782
8158
7180
11499
6539
8194
8245
2255
765
5014
7277
5604
9570
338
4452
10054
1843
4493
4144
8776
9077
4901
5109
1409
4557
2743
1266
7915
1389
6288
10717
8948
6648
6185
3230
11156
12216
7879
8626
8501
8535
8999
3436
7301
6390
11572
9056
11144
1765
11739
6689
1975
6237
9459
5827
7820
2696
9596
3092
800
11259
12094
4495
6914
4358
11463
5451
7291
7528
10095
10298
2991
744
530
11383
4773
7388
7967
9483
1729
8373
198
5243
10138
1358
2142
8532
9420
3463
5515
10249
4492
6188
9305
6734
6364
10857
2400
8982
7131
6858
7930
623
9357
8510
6769
2340
11947
9170
7236
5613
4932
10530
4325
5554
7060
5506
9255
1685
12032
3648
976
11036
7019
7306
10964
3085
9898
4162
8450
6264
11888
9617
1619
10114
970
4859
11500
7392
8661
11304
1531
3274
9887
9786
1872
2738
3117
1750
10067
2330
282
2133
6091
1632
9460
11505
7266
8215
6408
8916
9832
1433
6814
11504
6284
7040
7524
2237
260
1013
7395
490
12302
7966
10040
4407
3554
8655
6622
2782
2143
6912
10150
54
4316
1222
1655
2536
4730
6159
4664
11622
1899
5382
8226
10645
10949
3625
4005
139
261
2069
2212
5362
5690
1480
5756
12329
725
11332
3948
3657
3450
9227
10003
3130
5527
6933
5118
3197
3608
4629
8036
7300
5050
1602
8627
4569
7951
2976
12065
1399
1605
3785
5212
6601
9930
1838
2409
561
3062
7863
10035
1130
4709
10872
539
7055
4209
268
6708
212
615
10531
6855
8654
978
9745
11820
276
8875
8868
5987
3690
2832
3824
10603
10419
3282
5460
5023
1924
901
732
6285
11826
1311
8953
1141
8658
696
7520
8605
8682
8392
6633
8476
12196
11883
8998
8631
331
3262
3378
11339
3815
153
7174
4566
1467
534
1359
4808
1226
5790
2411
11087
9096
4206
7221
7573
9219
5797
6268
8171
9610
8824
6311
5686
8323
6052
4213
5519
2962
9772
6657
5373
9580
1188
7950
3504
10300
8445
9243
5477
3532
6333
5646
10341
3131
12272
7543
4469
11577
11319
6058
11743
7839
944
4427
8136
7598
5480
3005
4910
5401
215
6667
9267
2262
5253
1165
3720
7733
11076
369
10192
8179
8427
11152
6956
2474
9285
347
10593
10064
30
593
922
9021
746
3345
7649
5774
10023
5007
9954
8551
3609
6332
6482
10595
8440
1403
4836
6064
8489
130
8291
8864
4387
6223
9672
1997
5211
660
2127
7239
3082
10580
9946
4766
7146
1000
2805
832
9431
4831
3933
11347
8264
6630
6170
1648
7257
5321
10806
4876
9200
9856
4779
8640
8785
253
7650
7893
6009
12087
10628
10724
11598
10861
7654
9704
8951
4416
10394
8857
6020
1842
10438
2830
8433
700
449
5464
711
2440
999
5434
2234
7824
1776
1898
10860
201
6984
7519
1890
1801
2765
10999
9397
1520
1586
12049
11366
643
196
8104
8674
10060
9382
10873
9322
12316
5309
794
2502
2418
7556
7626
4178
11684
943
9525
263
11796
7482
4433
9447
5607
11536
199
1421
8720
3793
10769
5101
9557
4154
2486
1300
6732
7389
918
2263
5139
2301
5745
11181
3637
7088
6361
2653
8601
10638
3680
9611
11178
974
12270
7796
3852
51
1223
10571
9736
3456
9868
9171
8768
8437
8642
2660
6289
5426
11325
1346
11316
9259
2670
9900
6815
2478
8717
9080
7984
1893
7332
6238
6126
3187
6107
9212
7688
7592
9598
7048
4806
2995
1802
7416
6446
687
11979
6353
11241
3319
10128
1402
9935
10053
10124
3294
6941
374
4443
10270
11392
2818
10762
6219
6867
7535
8191
11140
2170
8352
1353
1196
5978
9670
12192
2338
11421
3736
2458
4188
7896
10478
188
4768
6835
2890
8765
291
10591
10370
3422
8198
3214
760
11164
8694
3064
4716
2300
6747
10804
5606
10891
1143
10213
8562
5028
9843
4459
12265
11738
2973
8183
1697
11517
9173
3872
91
996
10706
9999
11728
223
11143
1031
8750
6709
9613
3421
1581
680
11884
8049
8595
11073
10272
9339
11996
10766
8094
10889
1078
4955
5680
4334
9404
2825
9477
1536
5887
10924
3060
11547
12119
1667
11037
3087
6405
10103
5408
112
4165
391
2523
8909
6309
6111
10702
2869
7018
9091
7006
848
3177
7814
11713
4918
3256
3333
6241
4340
9350
8294
9201
7137
12220
11612
5081
946
1814
3529
9485
900
4666
4449
6735
10563
3387
4179
10631
8448
4981
5891
7070
7035
9393
7925
573
10020
8002
9124
2620
5661
8475
3867
1272
1047
2557
5084
2787
12291
6653
7498
9442
4359
3275
10334
12307
8087
4068
7230
217
9151
1199
10331
5758
9386
10725
7869
8947
5424
2966
7307
3058
554
4514
11320
8558
7753
841
5427
10993
3730
294
763
7700
6550
7735
3339
7147
982
11980
6879
11092
4581
11048
11873
9300
4267
10482
11613
3846
2518
694
804
10430
1930
6770
7636
3209
2789
9114
5002
11922
1590
3605
1718
8570
1763
9896
4816
173
7338
3658
2964
6868
5926
2541
1162
2910
5877
10349
6328
2058
5361
4286
7271
7596
2669
5990
7284
5158
10599
6616
1213
1185
6269
3542
2617
9552
160
9693
2602
7953
7856
9126
1694
3777
11474
10740
7468
5602
9928
6510
8873
11315
6852
5414
380
4288
4922
2775
969
8635
1754
7345
9055
6179
11732
4255
5077
320
7367
9953
8753
1345
207
3226
6869
4002
9858
5520
11461
7931
9127
7330
7459
102
4784
4813
4041
11240
4976
9047
2563
3728
11395
4052
10578
8838
1463
4665
3791
4638
12047
9885
228
6077
11260
1940
5870
7069
2508
6455
9390
11124
7173
6217
682
7170
3114
386
2390
4368
3755
5630
2380
11438
3477
9857
9354
1383
3969
2020
9536
11273
7574
6202
6012
1506
8888
7836
2343
4437
6853
10362
8360
9546
9969
5542
1856
7595
7653
1680
8297
9615
5076
2771
2987
6937
9003
10957
1058
650
1145
3325
10364
7640
776
11627
1803
3938
5270
10727
10934
774
3369
11216
44
